COCO METRICS:
AP: 0.4327655963128185
AP50: 0.9113555520311757
AP75: 0.36418490533263853
APsmall: nan
APmedium: 0.3769614997214007
APlarge: 0.626072607260726
AR1: 0.4994090909090909
AR10: 0.4994090909090909
AR100: 0.4994090909090909
ARsmall: nan
ARmedium: 0.4458333333333333
ARlarge: 0.65

PASCAL METRIC (AP per class)
MR: 0.7418764302059497
PR: 1.0
TR: 0.9090909090909091
AR: 1.0

PASCAL METRIC (mAP)
mAP: 0.9127418348242147	
-----------------------------------------------
COCO METRICS:
AP: 0.45303139987432883
AP50: 0.9044828065802532
AP75: 0.5320552856369228
APsmall: nan
APmedium: 0.4099169546075487
APlarge: 0.5030928807166432
AR1: 0.5060454545454546
AR10: 0.5060454545454546
AR100: 0.5060454545454546
ARsmall: nan
ARmedium: 0.4630952380952381
ARlarge: 0.575

PASCAL METRIC (AP per class)
MR: 0.714110538584223
PR: 1.0
TR: 0.9090909090909091
AR: 1.0

PASCAL METRIC (mAP)
mAP: 0.905800361918783

---------------------------------------------
COCO METRICS:
AP: 0.42150466766048567
AP50: 0.8892394657422399
AP75: 0.3988535695674831
APsmall: nan
APmedium: 0.3473908309948642
APlarge: 0.5966996699669967
AR1: 0.47681818181818175
AR10: 0.47681818181818175
AR100: 0.47681818181818175
ARsmall: nan
ARmedium: 0.4041666666666667
ARlarge: 0.625

PASCAL METRIC (AP per class)
MR: 0.742527441598649
PR: 1.0
TR: 0.8181818181818182
AR: 1.0

PASCAL METRIC (mAP)
mAP: 0.8901773149451169